0000047443
0000137605
0000189221
0000043336
0000181531
0000110007
0000143335
0000173335
0000036285
0000195514
0000095961
0000109152
0000111880
0000017509
0000109656
0000123052
0000199637
0000157784
0000105724
0000167489
0000160764
0000034238
0000080768
0000002556
0000112591
0000194420
0000095850
0000089660
0000156344
0000175771
0000103028
0000099661
0000011717
0000004435
0000098492
0000139302
0000167739
0000017983
0000043871
0000008423
0000014032
0000031179
0000104685
0000176248
0000173400
0000085698
0000038448
0000160743
0000013323
0000112891
0000016748
0000146808
0000030909
0000042062
0000052618
0000068778
0000168243
0000185635
0000155066
0000081417
0000155816
0000134248
0000163452
0000119389
0000017495
0000174679
0000125508
0000060582
0000192472
0000063766
0000083079
0000149567
0000118701
0000067209
0000192964
0000106267
0000157012
0000076892
0000168861
0000191116
0000085402
0000119274
0000079206
0000118541
0000007203
0000150257
0000204413
0000196245
0000066837
0000182584
0000167569
0000123266
0000152426
0000147664
0000078783
0000000712
0000186356
0000016842
0000065298
0000005851
0000196433
0000157813
0000037514
0000083540
0000046120
0000066702
0000169864
0000114769
0000192367
0000018170
0000183627
0000110116
0000167821
0000186523
0000076415
0000130892
0000083573
0000045368
0000152935
0000014020
0000045915
0000123739
0000194998
0000173474
0000195124
0000090271
0000116111
0000194426
0000136223
0000145302
0000048706
0000190728
0000003695
0000111838
0000146311
0000025557
0000118223
0000094615
0000142571
0000044322
0000037263
0000072765
0000027432
0000048691
0000023027
0000191112
0000048744
0000023906
0000091970
0000033058
0000069379
0000091110
0000095206
0000123375
0000183977
0000134586
0000166839
0000119257
0000092469
0000186666
0000106294
0000039397
0000030652
0000202637
0000164683
0000191084
0000089632
0000141856
0000023638
0000018507
0000146787
0000122409
0000079372
0000195175
0000085430
0000159412
0000107376
0000160638
0000130273
0000010628
0000094792
0000169811
0000199272
0000199149
0000105216
0000183552
0000022313
0000078309
0000020557
0000105153
0000120241
0000026034
0000076419
0000169852
0000125651
0000137190
0000166752
0000062503
0000003544
0000182369
0000106092
0000176686
0000064600
0000149796
0000071886
0000128238
0000068792
0000192844
0000044804
0000019942
0000194306
0000101453
0000068904
0000106958
0000141163
0000165266
0000178223
0000059402
0000035727
0000124707
0000121022
0000145100
0000044100
0000034629
0000115862
0000182217
0000092206
0000026880
0000063214
0000177064
0000120461
0000135067
0000033268
0000064289
0000087525
0000063026
0000047456
0000082783
0000198277
0000106155
0000178338
0000123004
0000102456
0000191087
0000068821
0000110141
0000118892
0000144952
0000003036
0000057240
0000136341
0000068134
0000202203
0000141972
0000012778
0000027379
0000078771
0000090452
0000129571
0000135150
0000197038
0000193590
0000028813
0000087941
0000105428
0000159190
0000122516
0000021332
0000160180
0000060869
0000119398
0000039440
0000171667
0000086726
0000117289
0000119336
0000156863
0000036632
0000135849
0000026704
0000079395
0000123989
0000070734
0000088021
0000175422
0000034632
0000180468
0000048475
0000157891
0000176076
0000150010
0000188998
0000043937
0000155828
0000031669
0000048387
0000091862
0000034829
0000027661
0000059357
0000150189
0000194755
0000179527
0000000759
0000200841
0000200608
0000099338
0000059935
0000165828
0000164140
0000200376
0000146016
0000147955
0000077328
0000045234
0000100890
0000011644
0000116560
0000081793
0000044516
0000159473
0000021489
0000063778
0000170128
0000137933
0000137843
0000105067
0000004511
0000133446
0000196338
0000173300
0000191265
0000068132
0000102214
0000189276
0000109627
0000186174
0000115495
0000118317
0000195157
0000071991
0000196176
0000009062
0000060090
0000178049
0000120330
0000003848
0000103494
0000189568
0000089254
0000108441
0000170244
0000145716
0000085792
0000119122
0000124258
0000029798
0000015471
0000124679
0000064513
0000157523
0000142526
0000080479
0000038968
0000067195
0000137195
0000155348
0000147189
0000148435
0000174094
0000027603
0000101388
0000108351
0000121420
0000105392
0000051034
0000197755
0000010718
0000188516
0000191718
0000081651
0000047562
0000032908
0000072409
0000154617
0000184517
0000150405
0000125570
0000198728
0000106090
0000151307
0000043915
0000071114
0000060113
0000004075
0000199034
0000015762
0000096655
0000109245
0000168201
0000196474
0000172116
0000031577
0000164846
0000052592
0000162812
0000024976
0000148751
0000124837
0000126660
0000192841
0000131016
0000089195
0000185266
0000149780
0000200784
0000122639
0000115444
0000190777
0000204629
0000091868
0000049359
0000137370
0000116145
0000171677
0000177678
0000079977
0000042355
0000113845
0000119414
0000015826
0000085230
0000092503
0000004621
0000074039
0000008336
0000176374
0000138227
0000088516
0000122817
0000142733
0000157156
0000052096
0000129745
0000012424
0000161381
0000076888
0000182313
0000069633
0000024088
0000116047
0000115894
0000049238
0000136463
0000163407
0000012908
0000095720
0000047305
0000123068
0000019689
0000140950
0000010570
0000045414
0000112382
0000037345
0000132743
0000029643
0000142872
0000113745
0000002592
0000198336
0000059174
0000161799
0000006344
0000039542
0000197079
0000194181
0000076756
0000083956
0000141228
0000119641
0000104622
0000138297
0000017173
0000165594
0000013963
0000139742
0000015643
0000201023
0000183676
0000136622
0000181880
0000049801
0000048566
0000182871
0000080196
0000057081
0000099015
0000203328
0000163351
0000038673
0000098560
0000003133
0000061344
0000047062
0000179342
0000042814
0000088566
0000096243
0000166360
0000172612
0000049404
0000002781
0000076014
0000136225
0000067528
0000102479
0000031637
0000015186
0000142101
0000196217
0000026405
0000183933
0000115052
0000088505
0000053038
0000068075
0000202575
0000113144
0000200548
0000178734
0000152321
0000115645
0000000836
0000124937
0000165661
0000141158
0000085525
0000105449
0000200245
0000173560
0000183350
0000048234
0000012076
0000086652
0000022815
0000023985
0000083847
0000107254
0000032840
0000136772
0000053378
0000047412
0000149017
0000038022
0000008256
0000129426
0000006102
0000091316
0000038338
0000021815
0000055384
0000109335
0000014102
0000054007
0000013343
0000176524
0000111095
0000031358
0000136404
0000004538
0000067646
0000184487
0000039795
0000097599
0000168161
0000041194
0000088974
0000137275
0000042377
0000158647
0000117142
0000094671
0000131284
0000051710
0000019205
0000001472
0000077227
0000188555
0000071432
0000054831
0000103958
0000041868
0000189384
0000102465
0000168982
0000083730
0000139953
0000147111
0000048156
0000107327
0000173961
0000005584
0000051873
0000092414
0000077080
0000133422
0000031981
0000201337
0000040200
0000147374
0000047535
0000131140
0000079203
0000167181
0000042960
0000171121
0000118218
0000203738
0000091261
0000118347
0000071683
0000200501
0000151273
0000192196
0000144213
0000132198
0000063291
0000115531
0000052286
0000115802
0000010877
0000163382
0000063338
0000157307
0000110435
0000141141
0000160178
0000079338
0000057658
0000108076
0000059970
0000060997
0000052432
0000035494
0000143833
0000099131
0000080963
0000020328
0000166614
0000058880
0000100891
0000138986
0000108975
0000051082
0000094703
0000165810
0000068285
0000193312
0000020900
0000115731
0000076129
0000077790
0000115048
0000164568
0000061176
0000196280
0000037274
0000017718
0000177572
0000134520
0000182842
0000148917
0000086181
0000102323
0000149940
0000202149
0000155301
0000150975
0000025444
0000158974
0000162921
0000130242
0000067743
0000080725
0000181510
0000064450
0000050639
0000179672
0000040312
0000118390
0000164045
0000202141
0000057407
0000004601
0000138992
0000100854
0000146020
0000089855
0000175326
0000051932
0000166451
0000163527
0000015060
0000137686
0000040183
0000041925
0000094335
0000188425
0000127657
0000088069
0000100839
0000178041
0000115641
0000073097
0000024043
0000036057
0000054886
0000080211
0000065028
0000148648
0000023217
0000144264
0000100435
0000157179
0000157622
0000002692
0000183598
0000071278
0000082287
0000158758
0000196054
0000003166
0000033118
0000075873
0000115183
0000053752
0000191177
0000074978
0000122721
0000135574
0000189008
0000192163
0000062358
0000035418
0000050373
0000122834
0000125282
0000094120
0000059492
0000188664
0000125995
0000204191
0000096572
0000074736
0000038821
0000021537
0000096291
0000151148
0000172640
0000035098
0000099714
0000187376
0000030133
0000156377
0000164469
0000133759
0000026397
0000119191
0000104885
0000166270
0000128703
0000031309
0000084469
0000011004
0000131468
0000147750
0000194570
0000086956
0000037289
0000031174
0000004223
0000037808
0000137597
0000074527
0000084890
0000097545
0000161426
0000000213
0000111879
0000011708
0000068439
0000023049
0000163250
0000020691
0000012380
0000142313
0000171961
0000027739
0000077249
0000157300
0000185346
0000014126
0000090968
0000113364
0000202320
0000137512
0000069859
0000138542
0000053251
0000073641
0000038302
0000055262
0000114436
0000143863
0000065667
0000095107
0000030364
0000141841
0000096683
0000111134
0000075959
0000052495
0000093773
0000146404
0000016170
0000033068
0000160283
0000038784
0000069201
0000019795
0000120388
0000201992
0000155976
0000190092
0000071318
0000011654
0000061453
0000050025
0000010542
0000163954
0000131983
0000122161
0000121117
0000024352
0000168045
0000126634
0000179799
0000131176
0000036867
0000139470
0000118688
0000014719
0000175418
0000091979
0000078831
0000135420
0000158637
0000038015
0000107309
0000124827
0000005936
0000035590
0000017184
0000148833
0000170957
0000173712
0000038660
0000023948
0000044822
0000030580
0000150964
0000171339
0000102102
0000193954
0000036496
0000127304
0000065907
0000194990
0000073906
0000188154
0000130474
0000115727
0000151122
0000165759
0000025732
0000155042
0000084969
0000093619
0000190802
0000091234
0000016280
0000189631
0000025788
0000088756
0000016437
0000181454
0000177947
0000108046
0000124549
0000057350
0000146313
0000135426
0000125037
0000204128
0000091410
0000190019
0000042958
0000145499
0000154073
0000149498
0000046100
0000071977
0000081229
0000181985
0000114049
0000085225
0000050973
0000029782
0000182954
0000013535
0000002097
0000097140
0000056256
0000061406
0000087784
0000079591
0000172608
0000144922
0000032182
0000123238
0000068558
0000158185
0000160644
0000088724
0000119781
0000012844
0000025701
0000064682
0000000840
0000123166
0000035749
0000124464
0000086380
0000074869
0000106758
0000036210
0000042426
0000034372
0000146851
0000044298
0000182720
0000161778
0000186955
0000149326
0000103803
0000122578
0000003711
0000042339
0000191807
0000081724
0000076142
0000158020
0000059233
0000120906
0000032665
0000057070
0000106848
0000189066
0000197481
0000177029
0000101812
0000032903
0000103924
0000152457
0000035234
0000074394
0000089573
0000101170
0000121686
0000195063
0000061136
0000094938
0000067235
0000111037
0000099518
0000076800
0000035318
0000080206
0000115943
0000156284
0000089770
0000023515
0000165224
0000020254
0000149949
0000058500
0000136557
0000107533
0000078678
0000045061
0000115759
0000053819
0000015162
0000163185
0000101017
0000198105
0000103669
0000127999
0000042741
0000181387
0000063253
0000010834
0000046411
0000151249
0000164613
0000066713
0000043365
0000005182
0000095768
0000069427
0000118581
0000098077
0000175339
0000075808
0000027202
0000190101
0000020140
0000049420
0000097372
0000091926
0000176214
0000006750
0000148667
0000077176
0000040713
0000121834
0000042276
0000090485
0000063892
0000163046
0000054260
0000184183
0000144192
0000033229
0000161152
0000129814
0000005077
0000147935
0000196805
0000009142
0000012329
0000203530
0000056412
0000147719
0000014976
0000180799
0000148119
0000162617
0000063130
0000103097
0000194940
0000123961
0000082405
0000080379
0000165985
0000203311
0000080428
0000140860
0000065276
0000192972
0000045236
0000111212
0000035378
0000188311
0000022301
0000124841
0000096500
0000007810
0000150747
0000112878
0000177561
0000099653
0000082115
0000095442
0000008396
0000167115
0000105760
0000068051
0000187953
0000117428
0000173830
0000162586
0000095678
0000200322
0000086523
0000001212
0000164161
0000093483
0000004995
0000095575
0000102778
0000052187
0000017118
0000101970
0000112448
0000081114
0000100342
0000101589
0000175018
0000184425
0000038790
0000094071
0000058994
0000038560
0000187894
0000021331
0000129485
0000079169
0000082078
0000067789
0000059493
0000070613
0000020420
0000106313
0000068251
0000060222
0000116197
0000123768
0000068503
0000061834
0000064952
0000108990
0000115066
0000040045
0000107833
0000139863
0000103943
0000121146
0000107100
0000078319
0000184103
0000188868
0000035222
0000110137
0000032585
0000062118
0000134234
0000164456
0000112201
0000123115
0000044084
0000054540
0000103735
0000027961
0000000845
0000038182
0000061355
0000146184
0000119103
0000094332
0000048587
0000101547
0000110102
0000019262
0000177656
0000192509
0000013463
0000149204
0000038039
0000182186
0000175321
0000076913
0000163272
0000167254
0000081954
0000122864
0000069770
0000022814
0000042400
0000114896
0000122422
0000166795
0000107078
0000152376
0000112326
0000079375
0000139211
0000150901
0000150113
0000070912
0000076044
0000000036
0000131255
0000099922
0000075600
0000136835
0000043635
0000166387
0000102909
0000168656
0000033508
0000167712
0000074071
0000169185
0000080232
0000100666
0000076889
0000121539
0000075377
0000197048
0000144516
0000172902
0000018492
0000105125
0000089259
0000049267
0000128899
0000123346
0000000226
0000144453
0000191994
0000063422
0000168495
0000171837
0000185634
0000146007
0000122439
0000105965
0000191620
0000085041
0000105489
0000185808
0000029441
0000011833
0000171233
0000139340
0000182794
0000183331
0000175959
0000008065
0000081177
0000168293
0000098461
0000187688
0000086478
0000068738
0000196093
0000168075
0000080677
0000098178
0000048388
0000006179
0000056021
0000195478
0000076255
0000085951
0000111072
0000049534
0000055576
0000113764
0000011931
0000093780
0000029065
0000199969
0000183972
0000061939
0000101035
0000081273
0000044579
0000006642
0000101082
0000044176
0000040442
0000199869
0000038971
0000149280
0000167136
0000135118
0000087246
0000027368
0000167989
0000052752
0000088452
0000170115
0000089480
0000076880
0000012524
0000033798
0000105012
0000038210
0000132733
0000139833
0000158099
0000011095
0000130804
0000038322
0000167914
0000180496
0000159818
0000135221
0000104548
0000132351
0000107005
0000186683
0000065843
0000152382
0000034764
0000081692
0000000741
0000013291
0000068456
0000170697
0000151667
0000198652
0000014711
0000185080
0000180922
0000121337
0000066439
0000151485
0000051046
0000084417
0000052828
0000145819
0000069233
0000067919
0000199382
0000184797
0000028350
0000030935
0000197975
0000035269
0000027382
0000075013
0000133216
0000001541
0000185119
0000147153
0000075943
0000129830
0000175529
0000183411
0000069943
0000090922
0000061383
0000163424
0000085758
0000034963
0000161063
0000121351
0000053102
0000128711
0000019662
0000026632
0000135684
0000149311
0000110802
0000002572
0000019240
0000161664
0000110164
0000075239
0000155934
0000034784
0000189425
0000166003
0000060143
0000077491
0000051274
0000065410
0000078017
0000124243
0000136247
0000188248
0000158506
0000102528
0000021378
0000149011
0000012294
0000142945
0000139020
0000061455
0000136951
0000032077
0000099410
0000059521
0000163161
0000018331
0000143324
0000018350
0000046691
0000021301
0000121665
0000015884
0000039635
0000125634
0000120574
0000115477
0000140631
0000014158
0000015949
0000077367
0000169359
0000129791
0000139202
0000016071
0000054013
0000074470
0000047813
0000039213
0000117141
0000159338
0000133451
0000176915
0000070091
0000110016
0000066636
0000095702
0000000337
0000092941
0000041334
0000173417
0000190851
0000053131
0000115807
0000172275
0000100059
0000041921
0000059992
0000202271
0000003807
0000129499
0000157368
0000014516
0000026106
0000132124
0000107190
0000020108
0000062307
0000111418
0000172528
0000045579
0000185813
0000036212
0000108643
0000197078
0000171541
0000048303
0000062104
0000029587
0000082955
0000099265
0000016663
0000026325
0000156115
0000157625
0000162882
0000015318
0000112593
0000100958
0000103477
0000087406
0000105104
0000158700
0000198340
0000025538
0000047975
0000100166
0000171829
0000061312
0000114813
0000138380
0000137265
0000034877
0000176885
0000053182
0000116674
0000161646
0000068694
0000060130
0000122724
0000173647
0000081064
0000009649
0000018302
0000057696
0000016079
0000151077
0000168682
0000018561
0000001297
0000200678
0000141476
0000058677
0000133044
0000141405
0000005431
0000082567
0000017368
0000056880
0000061884
0000032272
0000109333
0000123114
0000106229
0000091628
0000201226
0000162375
0000188234
0000077198
0000170412
0000050026
0000165755
0000197157
0000181540
0000052979
0000103304
0000146100
0000124942
0000189109
0000041538
0000131886
0000115169
0000158759
0000034002
0000033120
0000126516
0000018387
0000116723
0000175016
0000022981
0000197011
0000190704
0000060880
0000015963
0000060404
0000076785
0000089247
0000030070
0000004949
0000117795
0000080143
0000144214
0000000063
0000125579
0000129419
0000040249
0000091834
0000186424
0000201356
0000193023
0000182744
0000153298
0000074936
0000149976
0000027860
0000121548
0000044384
0000120304
0000066218
0000171958
0000172508
0000000725
0000109959
0000039731
0000105691
0000073588
0000204484
0000199559
0000154175